19380
9859
21889
5907
26247
24351
10256
14549
11328
26027
7116
540
18450
7205
14504
19532
15704
6936
12552
28764
4546
1681
18501
15576
3014
27701
25017
11184
7367
17179
26944
16334
4312
20619
16494
24132
21023
23548
1994
17282
9420
9904
5554
26221
15565
14337
10142
12085
24792
263
14730
28071
25959
23255
9791
26488
25252
23121
16403
2560
15303
12543
8351
22149
8196
28658
22708
11294
20913
22208
20727
16317
17526
24790
19888
2445
2972
11505
9721
21320
25855
4159
2567
4428
27539
10249
2931
26765
18647
18485
1098
12333
10545
26662
4289
23141
5033
17697
11713
22270
5215
24776
10403
20517
22166
23679
27731
23631
17591
24921
17629
13168
21246
8045
21919
24097
25746
28174
681
15347
18461
21396
21921
26226
12021
24794
19182
2755
19753
27163
12959
13172
18040
28314
8063
15588
21346
3860
20161
11305
5256
28503
16977
12548
19489
1155
14791
23703
16470
9195
839
23656
612
2056
24996
18775
4243
15096
6026
7556
8612
12488
17715
14854
25377
21316
5785
11775
25283
5913
17769
3220
28688
15195
8267
26162
6990
21353
18476
21587
3528
3493
20760
19428
22086
20677
10015
12927
7124
15818
26304
8024
5820
3348
22228
10743
12231
16606
7211
5689
20651
13278
25457
22223
25784
7320
23140
5356
18529
25797
21469
23874
5755
3386
10232
10084
10769
4981
15569
16295
9820
26405
16308
22759
10343
9450
4764
25024
12860
490
28649
2347
8042
10430
6914
24402
11182
11300
19123
11721
3326
584
11364
20307
28319
24154
7785
13232
12733
16383
22004
1756
19157
14297
19694
24221