9469
20570
18820
10540
3867
7685
17004
19193
16342
20070
3804
15610
15862
7535
6190
12070
28876
25529
19320
13490
9105
14869
5139
24023
24157
2089
22680
8016
14966
24734
17206
7220
10484
25290
795
1232
12887
17644
1282
28273
6407
22954
7856
13949
9171
9
19987
22842
24019
18475
27616
16273
15897
15183
23797
4066
10205
20273
11332
5086
8520
18525
13714
20979
491
15071
23588
13717
16072
22671
8383
3637
18217
12407
10395
27593
7452
23137
19181
21614
4739
7629
18935
20470
13800
20106
1216
18426
28547
16099
14265
20311
18748
5094
16113
10069
18473
1697
21079
24877
502
6590
16704
9218
18874
18171
21750
8592
21070
18029
28415
21126
25172
12422
21632
1386
25485
15567
23117
18957
27319
17954
4972
16547
7355
26702
23812
7757
20509
16056
26913
15032
26226
14244
15599
16693
6019
14873
18276
3794
13719
6432
15542
26647
4700
4554
9845
24778
17921
9145
13195
11398
26784
8433
9988
13769
19292
11223
17667
14818
8593
7873
14975
775
4020
20818
4622
15049
21915
6160
22002
26348
10759
21563
12784
14488
26578
26697
5344
8170
1591
19253
23320
11613
3093
18605
443
1737
26699
1455
9091
9077
3764
26997
6414
13417
4502
28626
10534
24847
21535
26052
26304
18702
26027
28377
22564
9178
13874
27146
28872
13043
11605
22377
10689
15329
28764
18982
5352
23696
4080
20087
6945
14774
25804
3080
15595
8190
923
15269
24899
26978
22759
15469
16166
24095
14726
27063
19959
13159
21419
22500
969
6957
26363
13176
28335
28674
8846
25252
22274
9857
23283
26734
19783
3837