22953
24518
16957
15745
5724
24193
9466
14873
12182
18432
26547
17972
28649
4891
6672
21796
2014
25854
24591
17629
12069
2001
4189
16683
18395
5769
11682
18041
28230
17076
27610
18816
12319
2567
19957
2664
23275
16520
27711
6744
24032
23108
24133
3348
11552
7040
21902
2459
3412
9872
4834
10969
28012
5917
5883
27108
15881
6447
27679
27871
2985
5472
12979
19047
2061
12805
18554
10818
5882
21500
10925
19184
25481
5994
1319
27798
14611
11374
25147
4502
1350
12650
27089
25193
8909
25917
23004
26432
16255
14653
2448
9935
25508
22879
28826
13415
25167
20156
12661
17697
10232
5282
16496
5476
22861
13215
3442
1626
1966
15190
12947
11065
502
4066
23098
23107
28318
17206
8468
1059
17578
19739
8186
19318
9820
7853
446
26732
26497
22928
17921
7174
9987
3001
1392
5483
10428
5700
15619
23247
19193
19142
18224
28456
10900
19413
25237
2697
934
10831
332
20904
6379
984
13714
19695
13252
4256
5962
3325
5424
7921
9024
7207
14536
19881
28192
9941
20613
16546
6220
21276
18501
26529
20929
5156
629
13815
6357
10094
21963
17604
10981
23875
20692
15067
7028
26551
5816
26800
19789
24026
28127
22278
20221
3109
4772
22474
12892
13267
25804
8350
6247
1573
13568
23914
27704
26241
15653
9721
5154
6068
22815
27157
22796
21969
1526
24609
12666
16950
21151
24851
4981
7740
17350
22118
27046
690
1668
1804
26907
22287
15908
19647
26131
24454
12440
1006
9919
23998
4157
1180
20012
5123
8781
12169
20111
4843
14691
11538
21613
12896
14662
17449
6921
12548