7855
11360
24723
6579
27562
20207
4227
25715
26517
11703
12897
208
12696
6518
17206
19471
2755
7666
20987
10545
23251
8677
11034
26699
17305
17873
14352
8786
23746
27873
1697
572
20038
1271
22759
28582
17308
28480
25997
4463
5388
11080
753
20146
8329
8063
12556
12839
590
14549
19399
27706
6295
12726
12790
22954
17921
20882
825
27149
18045
8066
18641
21475
12810
26987
27578
19318
5435
3493
6873
10430
20254
24849
659
22051
24095
26900
27452
1586
3337
11838
16099
9712
2570
18040
8058
18728
24877
20576
15927
20598
10727
16544
15113
21143
19167
5237
20168
28069
6091
5632
3077
13671
20912
9813
6860
7072
14967
17707
16308
23298
15559
22624
12923
25239
5599
20087
17997
6357
25134
20342
10719
20849
24935
26982
24386
27734
23735
22660
9833
18136
1757
3637
14862
28864
20213
8025
15618
27550
12741
597
28518
21284
24763
1393
7424
18750
27511
16523
16123
14677
6497
19589
19974
3947
13934
18389
7104
28167
7035
564
24480
10432
27593
12085
25549
11591
27538
25172
4876
21776
24446
11264
5620
26378
5005
10196
21213
15915
18256
10920
13868
18148
9648
16814
12873
8531
14938
27517
1647
20768
15564
14006
13616
6603
19391
11812
18614
25552
17226
13188
10683
7320
26720
16660
14004
16240
12093
4970
26028
17356
9450
8686
24996
24081
11569
11801
7444
9413
10407
15610
4289
6760
8373
26105
4549
955
14468
6871
13076
902
23203
4891
5785
16076
22871
3178
2931
9822
4139
24020
20563
18347
19622
8114
9509
5754
21060
27142
26111
11643
8968
27345
26512
6520