11411
22671
6074
3742
6225
23741
13148
28293
18982
12647
7307
9248
28157
11805
3939
25987
4754
21588
15302
21650
6780
21531
9865
8131
2400
10421
693
2093
17205
15190
28392
24290
15165
14873
13843
9843
960
17183
6586
2453
9647
27365
7746
17392
21223
19622
16520
24072
1579
1176
23569
23815
28261
26732
813
24776
28288
20619
27789
24106
6517
16470
25316
12313
247
6874
8383
6578
27149
384
23587
27221
12155
6632
19817
26647
7143
5649
3293
26662
982
10646
2902
22801
27675
12398
12938
11188
21076
16334
28314
5652
21644
18299
309
25517
28333
12979
5253
757
21981
26376
10784
8665
9175
4011
17356
23917
731
2171
18501
26260
6484
22113
15303
7452
4595
8708
6406
27158
3860
3823
17655
10265
16825
13168
13565
2402
15802
21204
8196
5587
4159
11198
11794
15902
26025
14269
15011
12711
12764
17945
16216
7260
22059
13202
15267
12375
10327
15469
26782
4502
27937
20853
7890
12181
5612
28874
4844
16254
5105
16483
19129
24996
8119
14487
2284
15663
8807
26319
26598
14630
27517
2988
1942
11618
10303
4688
18432
12998
13892
6197
24100
26522
11812
7211
12916
13985
12966
27471
6658
28532
24582
14428
20509
11567
11080
18601
5669
14849
12818
10627
19333
26905
25430
26780
25290
6226
2471
5165
14592
21746
18224
8453
23874
11579
24223
22842
13492
20261
9919
1063
7049
10342
5385
13379
5088
26176
13283
15366
15157
8549
22658
21566
23004
7722
192
27907
15595
14113
1799
1166
8065
5782
4444
9725
1488
16677
16725
2193
15678
22228
8422
23311
23413
722