139
285
1000
1353
1761
2299
6763
7281
7818
10092
11051
11760
12062
12576
13004
13659
15517
16958
17031
17905
17959
18770
22755
23272
26941
27982
28993
29640
31248
31296
31620
31749
32285
33005
33114
33707
33854
34257
35062
35682
35770
35963
36678
37751
37988
39956
41488
41888
42628
42889
44590
46252
51326
53626
55299
57027
57760
58029
58539
59920
60932
61171
61471
64523
65455
66523
67180
68833
69106
70774
72795
76261
78032
78266
78420
78843
78959
79229
80153
80274
81061
83531
85772
86956
87476
87875
88040
89271
89648
90208
93717
94157
94852
95707
96427
96960
97230
97924
100489
100510
101022
104803
105264
107094
110999
111036
111179
112110
112378
113589
113720
116206
116825
118594
121031
121497
121506
121673
124636
124798
126216
127135
127270
128598
128675
129113
130586
133567
134034
134689
135872
137246
140840
141671
143572
144003
144784
144798
146457
146498
146667
148707
149406
150930
151051
152740
153229
154339
154705
155451
157390
157418
159311
160556
162366
163155
166521
169996
170893
171611
172856
172935
173830
175387
176901
177934
178618
179174
179265
180011
180101
180487
181421
181666
183391
183648
186042
186282
186449
186980
189078
189226
189828
190140
190853
192047
192670
193348
193743
196843
200152
201676
202445
203931
205514
205776
206838
207538
207844
208208
209530
210273
212166
221017
222458
225184
225670
226111
226147
226417
227898
228981
229659
235057
235064
235252
239041
241319
241668
243867
244019
244411
244592
244750
244833
245102
245448
246522
255483
256407
256868
260261
260925
261097
263425
264968
266400
267351
272148
273132
273232
274411
274460
274708
275727
276284
278973
279541
279887
281759
284725
286422
286553
286849
287291
287649
287714
287874
288391
291664
293071
293200
294162
294831
297147
298396
299609
300913
302760
304396
304817
306733
307145
308394
308587
311081
312192
312278
314034
314177
314294
314709
315257
316015
317433
318080
318908
320232
320554
320664
320743
322895
324614
325991
328430
329041
332455
334483
334719
335658
338624
338986
339823
340697
341058
341094
341828
343453
343803
348045
348481
349678
350833
351823
352582
352760
353096
356427
357903
358525
359219
361730
363461
363840
364166
364636
364884
365098
366178
367195
367569
368294
369812
370042
370677
372307
373353
375493
376365
377113
378873
379476
380913
383337
383838
385190
387916
389381
393093
393282
393838
396274
396518
396526
396729
397639
398905
401991
402118
404191
404534
404601
404805
409211
411774
413395
414133
419379
419653
422706
423104
423506
424349
425702
425925
426241
427655
429011
430073
433192
435208
436551
436738
437110
438907
444142
445439
445658
445675
447917
448076
448410
449406
449661
451144
452784
453341
453584
453722
454978
455555
455597
457262
457848
458109
458325
460841
461009
462371
462728
463283
463690
464251
465585
466085
466602
466835
468124
468233
468925
470952
471756
472046
472298
475365
476258
477227
477441
479248
480275
481159
483050
489305
491008
491470
492937
493019
493284
493566
494863
497344
497867
498807
500270
500663
502168
502347
505638
507081
508312
510095
512836
512985
515266
515445
516601
516677
519522
520077
520301
521141
521231
521509
523175
524742
528980
530470
531771
532575
532761
533493
535608
536947
540502
540928
541291
542423
543047
544052
547336
549055
549220
552902
555972
556498
558421
559099
560011
560371
561009
562581
563281
566758
568439
568690
568814
570456
570539
571857
573094
573258
573391
574315
574823
575372
577735
578236
579091
579158
579893
581317
581615